Example 1:From Previous Lessons
1 , 2 , 4 , 5 , 5 , 6 , 2 , 2 , 2 , 4 , 3 , 3 , 6 , 1 , 3 , 1 , 3 , 2 , 5 , 2 , 1 , 2 , 3 , 3 , 4 

Example 2:
35, 42, 38, 57, 2, 24, 27, 36, 45, 60, 38, 40, 40, 44, 1, 44, 48, 84, 38, 20, 4, 2, 48, 58, 3, 20, 6, 40, 22, 26, 17, 18, 40, 51, 62, 31, 27, 48, 35, 27, 37, 58, 21

Example 3:From Previous Activites
1,2,1,5,3,2,3,3,2,3,4,1,5,2,2,4,5,1,2,1,2,1,2,5,1,1,3,3,1,5,1,5,4

Example 4:From Previous Activites
67,40,59,77,78,63,62,93,63,47,99,80,77,74,81,69,58,54,23,39,83,58,71,44,46,51,53,71,74,33,87,78,40,65,79,68,57,67,58,98,54,77,87,58,100,60,64,65,68,60,65,52,74,36,57,56,67,88,42,68,76,58,69,77,83,49,71,47,79,60,56,57,49,79,71,71,47,72,78,54,46,31,51,78,32,53,63,97,56,72,57,74,81,94,81,58,95,45,63,60

